================================================================================================
A. EVENT -> SESSION MAPPING AUDIT
================================================================================================
  CPI events total 323
  before TLT inception 2002-07-30: 32
  after last bar 2026-08-07: 5
  exact trading-day match: 283
  mapped forward (CPI date not a session): 3 [(datetime.date(2004, 1, 19), datetime.date(2004, 1, 20)), (datetime.date(2017, 4, 14), datetime.date(2017, 4, 17)), (datetime.date(2020, 4, 10), datetime.date(2020, 4, 13))]

================================================================================================
B. k x h GRID vs the CALENDAR-MATCHED control (per-entry excess over the
   mean h-return of the same trading-day-of-month, CPI window removed)
================================================================================================
 k  h   N  raw_pct  tdom_ctrl  EXCESS_bps  hit  sign_p     t  ex08_bps  y18p_bps  mid_bps  x_cost
 1  1 286    0.057      0.016         4.1 53.8   0.107  0.71       2.8      -5.0      4.5     1.7
 1  2 286    0.155      0.047        10.7 57.0   0.010  1.36       5.8      -2.4      5.3     4.3
 1  3 286    0.178      0.155         2.3 54.9   0.055  0.24      -2.0     -22.4     -3.5     0.9
 1  5 286    0.207      0.406       -19.9 45.8   0.930 -1.74     -24.8     -57.9    -28.4    -8.0
 1 10 286    0.344      0.528       -18.3 47.6   0.812 -1.21     -25.7     -68.9    -18.7    -7.3
 2  1 286   -0.009      0.011        -2.0 49.0   0.660 -0.39      -2.3      10.8     -0.2    -0.8
 2  2 286    0.050      0.013         3.7 54.2   0.087  0.45       2.1       5.4      6.0     1.5
 2  3 286    0.148      0.080         6.7 49.7   0.570  0.67       1.4       8.4      4.9     2.7
 2  5 286    0.167      0.368       -20.1 46.2   0.913 -1.81     -23.6     -22.6    -18.7    -8.0
 2 10 286    0.303      0.554       -25.1 48.6   0.703 -1.61     -31.5     -45.3    -30.3   -10.0
 3  1 286    0.011      0.006         0.4 51.0   0.384  0.08      -0.3     -12.8      6.8     0.2
 3  2 286    0.001      0.002        -0.1 51.4   0.340 -0.02      -1.1      -2.5      8.1    -0.1
 3  3 286    0.059      0.016         4.3 53.5   0.131  0.47       2.0      -8.0     14.5     1.7
 3  5 286    0.179      0.276        -9.7 49.0   0.660 -0.84     -14.7     -24.8     -7.7    -3.9
 3 10 286    0.207      0.560       -35.3 46.5   0.893 -2.27     -43.1     -75.2    -27.5   -14.1
 4  1 286   -0.019     -0.015        -0.3 51.0   0.384 -0.06       0.8     -10.3     -7.9    -0.1
 4  2 286   -0.008     -0.013         0.5 51.4   0.340  0.06       1.0     -23.0     -0.8     0.2
 4  3 286   -0.019     -0.018        -0.1 50.3   0.476 -0.01      -0.0     -12.8      2.0    -0.0
 4  5 286    0.138      0.149        -1.1 51.7   0.297 -0.09      -5.7     -15.0     -4.5    -0.5
 4 10 286    0.197      0.535       -33.9 45.8   0.930 -2.27     -38.4     -79.7    -32.8   -13.6
 5  1 286    0.003     -0.016         1.8 54.5   0.070  0.35       2.7      -8.3      2.1     0.7
 5  2 286   -0.016     -0.027         1.1 51.0   0.384  0.14       3.2     -18.7     -5.7     0.4
 5  3 286   -0.005     -0.044         3.9 49.7   0.570  0.42       5.2     -31.7      3.8     1.5
 5  5 286    0.040      0.046        -0.6 53.8   0.107 -0.05      -0.6     -27.2      2.8    -0.2
 5 10 286    0.135      0.501       -36.7 46.5   0.893 -2.46     -39.9     -93.5    -37.1   -14.7

  cost bar: an edge needs >=5x a 2.5 bps TLT round trip = >=12.5 bps.
  cells clearing EXCESS>=12.5bps AND ex-2008>=12.5bps AND hit>=55%: 0

  TODAY'S EXECUTABLE ROW (k=2, MOC tonight):
 k  h   N  raw_pct  tdom_ctrl  EXCESS_bps  hit  sign_p     t  ex08_bps  y18p_bps  mid_bps  x_cost
 2  1 286   -0.009      0.011        -2.0 49.0   0.660 -0.39      -2.3      10.8     -0.2    -0.8
 2  2 286    0.050      0.013         3.7 54.2   0.087  0.45       2.1       5.4      6.0     1.5
 2  3 286    0.148      0.080         6.7 49.7   0.570  0.67       1.4       8.4      4.9     2.7
 2  5 286    0.167      0.368       -20.1 46.2   0.913 -1.81     -23.6     -22.6    -18.7    -8.0
 2 10 286    0.303      0.554       -25.1 48.6   0.703 -1.61     -31.5     -45.3    -30.3   -10.0
